[gd_scene load_steps=11 format=2]

[ext_resource path="res://assets/Player.tscn" type="PackedScene" id=1]
[ext_resource path="res://assets/vapowave_env.tres" type="Environment" id=2]
[ext_resource path="res://DirectionalLight.gd" type="Script" id=3]
[ext_resource path="res://textures/TactilePaving002_2K_Normal.jpg" type="Texture" id=4]
[ext_resource path="res://textures/TactilePaving002_2K_Roughness.jpg" type="Texture" id=5]

[sub_resource type="BoxShape" id=1]

[sub_resource type="CubeMesh" id=2]

[sub_resource type="BoxShape" id=3]
extents = Vector3( 15, 1, 15 )

[sub_resource type="SpatialMaterial" id=4]
albedo_color = Color( 0.396078, 0.278431, 0.588235, 1 )
roughness_texture = ExtResource( 5 )
normal_enabled = true
normal_scale = 5.0
normal_texture = ExtResource( 4 )
uv1_scale = Vector3( 0.2, 0.2, 0.2 )
uv1_triplanar = true

[sub_resource type="CubeMesh" id=5]
material = SubResource( 4 )
size = Vector3( 30, 2, 30 )

[node name="Level" type="Spatial"]

[node name="Box" type="RigidBody" parent="."]
transform = Transform( 0.827045, 0.505843, 0.245192, -0.277559, 0.746768, -0.6044, -0.488833, 0.431811, 0.758012, 0, 7.02574, 0 )

[node name="CollisionShape" type="CollisionShape" parent="Box"]
shape = SubResource( 1 )

[node name="MeshInstance" type="MeshInstance" parent="Box"]
mesh = SubResource( 2 )
material/0 = null

[node name="Floor" type="StaticBody" parent="."]
transform = Transform( 1, 0, 0, 0, 1, 0, 0, 0, 1, 0, -1, 0 )

[node name="CollisionShape" type="CollisionShape" parent="Floor"]
shape = SubResource( 3 )

[node name="MeshInstance" type="MeshInstance" parent="Floor"]
mesh = SubResource( 5 )
material/0 = null

[node name="Player" parent="." instance=ExtResource( 1 )]
transform = Transform( 1, 0, 0, 0, 1, 0, 0, 0, 1, 0, 1, 0 )

[node name="cameraTarget" type="Spatial" parent="Player"]
transform = Transform( 1, 0, 0, 0, 0.903123, 0.429383, 0, -0.429383, 0.903123, 0, 3.74813, 7.7223 )

[node name="InterpolatedCamera" type="InterpolatedCamera" parent="."]
transform = Transform( 1, 0, 0, 0, 0.453505, -0.891254, 0, 0.891254, 0.453505, 0, 78.1044, 125.389 )
environment = ExtResource( 2 )
target = NodePath("../Player/cameraTarget")
speed = 3.0
enabled = true

[node name="DirectionalLight" type="DirectionalLight" parent="."]
transform = Transform( 0.976423, -0.167794, 0.135807, -0.202101, -0.931645, 0.301981, 0.0758532, -0.322307, -0.943591, 0.775023, 11.8756, 4.94963 )
light_color = Color( 0.984314, 0.917647, 0.486275, 1 )
light_energy = 1.32
shadow_enabled = true
directional_shadow_max_distance = 40.0
script = ExtResource( 3 )
